# SAMPLing challenge results for absolute free energy calculations
#
# This file will be automatically parsed. It must contain the following five sections: predictions, computational cost,
# software listing, technical details, and method description. These elements must be provided in the order shown.
#
# The data in each prediction line should be a comma-separated list of exactly 201 fields, 100 of which are optional.
# Each line must be structured as follows: system ID, F(1%), dF(1%), F(2%), dF(2%), ..., F(100%), dF(100%), where
# F(X%) and dF(X%) are respectively the free energy estimate and free energy uncertainty, both in kcal/mol, after X% of
# the calculation. The free energy uncertainties are optional (see example below).
#
# The "Prediction" section should have at least 15 lines: 5 replicates starting from the provided initial configurations
# for each of the 3 host-guest systems in the challenge (i.e., CB8-G3, OA-G3, and OA-G6). Data submission for further replicates
# or different systems is welcomed, although not required.
#
# The list of predictions must begin with the "Prediction:" keyword, as illustrated here.
Predictions:
CB8-G3-0, -16.86, 0.83, -15.40, 0.94, -15.29, 0.92, -14.85, 0.89, -14.28, 0.84, -13.82, 0.74, -13.53, 0.69, -13.49, 0.65, -13.42, 0.60, -13.35, 0.59, -13.25, 0.58, -13.09, 0.53, -13.23, 0.48, -13.18, 0.47, -13.17, 0.49, -13.20, 0.50, -13.07, 0.50, -12.93, 0.52, -12.87, 0.55, -12.84, 0.55, -12.80, 0.55, -12.78, 0.53, -12.73, 0.57, -12.65, 0.60, -12.51, 0.63, -12.39, 0.57, -12.23, 0.67, -12.17, 0.61, -12.11, 0.66, -12.03, 0.66, -11.93, 0.68, -11.88, 0.54, -11.84, 0.61, -11.77, 0.64, -11.78, 0.67, -11.68, 0.67, -11.64, 0.66, -11.62, 0.67, -11.61, 0.64, -11.59, 0.62, -11.57, 0.61, -11.51, 0.67, -11.43, 0.64, -11.38, 0.66, -11.41, 0.63, -11.39, 0.60, -11.45, 0.63, -11.47, 0.60, -11.43, 0.61, -11.46, 0.62, -11.43, 0.63, -11.43, 0.51, -11.36, 0.58, -11.33, 0.61, -11.21, 0.50, -11.19, 0.62, -11.11, 0.61, -11.15, 0.59, -11.06, 0.60, -11.09, 0.58, -11.07, 0.58, -11.12, 0.51, -11.12, 0.56, -11.12, 0.57, -11.11, 0.52, -11.14, 0.56, -11.15, 0.55, -11.14, 0.49, -11.11, 0.53, -11.12, 0.56, -11.10, 0.55, -11.10, 0.56, -11.08, 0.54, -11.12, 0.55, -11.10, 0.53, -11.10, 0.50, -11.06, 0.54, -11.06, 0.53, -11.00, 0.50, -11.03, 0.48, -11.02, 0.51, -11.01, 0.50, -10.93, 0.52, -10.96, 0.53, -10.91, 0.51, -10.91, 0.51, -10.89, 0.49, -10.88, 0.48, -10.89, 0.49, -10.90, 0.48, -10.87, 0.44, -10.87, 0.48, -10.86, 0.47, -10.89, 0.46, -10.89, 0.41, -10.86, 0.47, -10.86, 0.45, -10.85, 0.45, -10.87, 0.46, -10.86, 0.43, 
CB8-G3-1, -14.67, 0.85, -12.55, 0.83, -12.33, 0.68, -12.30, 0.66, -11.99, 0.63, -11.90, 0.85, -11.95, 0.78, -11.90, 0.75, -11.79, 0.70, -11.44, 0.76, -11.11, 0.85, -10.87, 0.88, -10.79, 0.91, -10.58, 0.88, -10.62, 0.85, -10.60, 0.81, -10.58, 0.76, -10.42, 0.72, -10.33, 0.70, -10.26, 0.69, -10.28, 0.68, -10.38, 0.61, -10.41, 0.69, -10.48, 0.72, -10.56, 0.68, -10.59, 0.53, -10.65, 0.63, -10.68, 0.54, -10.63, 0.58, -10.66, 0.56, -10.71, 0.55, -10.67, 0.54, -10.62, 0.55, -10.58, 0.55, -10.54, 0.54, -10.55, 0.54, -10.57, 0.52, -10.53, 0.48, -10.52, 0.50, -10.50, 0.46, -10.44, 0.47, -10.40, 0.48, -10.39, 0.43, -10.38, 0.47, -10.34, 0.48, -10.35, 0.46, -10.37, 0.43, -10.36, 0.45, -10.33, 0.45, -10.33, 0.45, -10.32, 0.45, -10.33, 0.42, -10.36, 0.44, -10.30, 0.43, -10.24, 0.44, -10.27, 0.44, -10.24, 0.45, -10.22, 0.43, -10.20, 0.44, -10.20, 0.46, -10.17, 0.47, -10.16, 0.44, -10.20, 0.45, -10.18, 0.45, -10.18, 0.42, -10.18, 0.47, -10.19, 0.45, -10.18, 0.41, -10.21, 0.43, -10.19, 0.44, -10.13, 0.43, -10.09, 0.44, -10.11, 0.44, -10.12, 0.43, -10.11, 0.43, -10.11, 0.39, -10.11, 0.43, -10.09, 0.43, -10.13, 0.41, -10.13, 0.38, -10.09, 0.42, -10.08, 0.39, -10.06, 0.40, -10.05, 0.39, -10.08, 0.39, -10.05, 0.38, -10.04, 0.38, -10.05, 0.39, -10.05, 0.39, -10.04, 0.38, -10.03, 0.36, -10.03, 0.37, -10.02, 0.37, -10.00, 0.37, -10.00, 0.35, -9.96, 0.37, -9.95, 0.37, -9.92, 0.35, -9.91, 0.38, -9.89, 0.38, 
CB8-G3-2, -12.99, 0.89, -13.68, 0.94, -13.40, 0.79, -12.70, 0.95, -11.86, 0.98, -11.18, 0.99, -11.10, 0.94, -10.83, 0.96, -10.87, 0.84, -10.89, 0.81, -10.64, 0.74, -10.52, 0.71, -10.46, 0.66, -10.49, 0.66, -10.42, 0.63, -10.43, 0.59, -10.53, 0.58, -10.47, 0.57, -10.43, 0.59, -10.38, 0.52, -10.34, 0.54, -10.32, 0.48, -10.24, 0.54, -10.18, 0.51, -10.16, 0.51, -10.13, 0.48, -10.10, 0.47, -10.13, 0.43, -9.92, 0.48, -9.84, 0.49, -9.84, 0.43, -9.84, 0.41, -9.72, 0.44, -9.74, 0.45, -9.77, 0.43, -9.68, 0.41, -9.63, 0.40, -9.67, 0.41, -9.68, 0.41, -9.71, 0.39, -9.77, 0.40, -9.84, 0.43, -9.83, 0.40, -9.84, 0.43, -9.85, 0.44, -9.87, 0.43, -9.88, 0.44, -9.86, 0.45, -9.86, 0.44, -9.87, 0.43, -9.88, 0.41, -9.88, 0.38, -9.87, 0.41, -9.92, 0.45, -9.91, 0.36, -9.99, 0.45, -9.99, 0.46, -9.98, 0.45, -9.96, 0.42, -9.90, 0.40, -9.87, 0.36, -9.91, 0.36, -9.92, 0.37, -9.93, 0.38, -9.90, 0.36, -9.93, 0.39, -9.90, 0.39, -9.95, 0.36, -9.98, 0.35, -9.99, 0.39, -10.00, 0.39, -10.03, 0.40, -10.06, 0.40, -10.06, 0.40, -10.06, 0.40, -10.06, 0.36, -10.06, 0.37, -10.05, 0.36, -10.03, 0.34, -9.99, 0.30, -9.97, 0.32, -9.95, 0.30, -9.93, 0.31, -9.89, 0.33, -9.89, 0.33, -9.89, 0.32, -9.88, 0.34, -9.89, 0.33, -9.90, 0.32, -9.97, 0.33, -10.03, 0.32, -10.03, 0.33, -10.06, 0.33, -10.06, 0.33, -10.06, 0.33, -10.12, 0.34, -10.12, 0.34, -10.15, 0.34, -10.13, 0.34, -10.14, 0.34, 
CB8-G3-3, -18.59, 0.91, -17.71, 0.81, -16.71, 0.94, -15.88, 0.83, -15.20, 0.88, -14.75, 0.86, -14.34, 0.75, -13.97, 0.72, -13.92, 0.66, -13.76, 0.68, -13.73, 0.64, -13.66, 0.58, -13.72, 0.55, -13.50, 0.50, -13.28, 0.54, -13.24, 0.54, -13.06, 0.57, -12.89, 0.58, -12.79, 0.62, -12.63, 0.64, -12.47, 0.65, -12.41, 0.51, -12.30, 0.61, -12.20, 0.57, -12.19, 0.56, -12.09, 0.57, -12.02, 0.55, -11.92, 0.56, -11.78, 0.56, -11.65, 0.57, -11.60, 0.56, -11.58, 0.54, -11.55, 0.58, -11.56, 0.57, -11.60, 0.59, -11.52, 0.59, -11.53, 0.60, -11.50, 0.62, -11.55, 0.61, -11.50, 0.63, -11.48, 0.61, -11.43, 0.60, -11.41, 0.57, -11.33, 0.58, -11.30, 0.58, -11.31, 0.54, -11.32, 0.55, -11.33, 0.53, -11.31, 0.53, -11.31, 0.51, -11.27, 0.51, -11.29, 0.48, -11.28, 0.50, -11.25, 0.49, -11.27, 0.45, -11.28, 0.48, -11.26, 0.47, -11.19, 0.49, -11.15, 0.45, -11.16, 0.44, -11.11, 0.45, -11.09, 0.45, -11.07, 0.47, -11.04, 0.45, -11.04, 0.43, -11.05, 0.44, -11.08, 0.43, -11.09, 0.42, -11.10, 0.41, -11.10, 0.41, -11.06, 0.39, -11.11, 0.41, -11.08, 0.41, -11.13, 0.40, -11.11, 0.42, -11.11, 0.41, -11.07, 0.40, -11.06, 0.39, -11.04, 0.41, -11.02, 0.39, -11.04, 0.41, -11.05, 0.39, -11.01, 0.40, -11.01, 0.40, -11.03, 0.38, -11.01, 0.37, -11.00, 0.37, -11.01, 0.35, -10.98, 0.35, -10.99, 0.36, -10.96, 0.35, -10.96, 0.37, -10.98, 0.36, -10.97, 0.36, -10.99, 0.35, -10.99, 0.36, -10.99, 0.36, -11.00, 0.37, -11.00, 0.35, -10.99, 0.36, 
CB8-G3-4, -12.10, 0.83, -10.88, 0.95, -11.24, 0.77, -11.58, 0.69, -11.44, 0.69, -11.39, 0.57, -11.34, 0.60, -11.48, 0.55, -11.56, 0.52, -11.70, 0.50, -11.62, 0.50, -11.57, 0.49, -11.64, 0.49, -11.46, 0.51, -11.48, 0.47, -11.45, 0.48, -11.57, 0.48, -11.47, 0.51, -11.29, 0.51, -11.09, 0.58, -10.91, 0.64, -10.69, 0.62, -10.62, 0.66, -10.56, 0.69, -10.55, 0.66, -10.59, 0.51, -10.66, 0.55, -10.60, 0.50, -10.63, 0.52, -10.63, 0.50, -10.61, 0.52, -10.65, 0.53, -10.68, 0.53, -10.67, 0.50, -10.69, 0.49, -10.65, 0.52, -10.65, 0.56, -10.70, 0.55, -10.73, 0.55, -10.71, 0.53, -10.71, 0.51, -10.67, 0.47, -10.66, 0.46, -10.64, 0.44, -10.66, 0.43, -10.70, 0.41, -10.69, 0.41, -10.71, 0.43, -10.69, 0.45, -10.76, 0.45, -10.70, 0.46, -10.74, 0.44, -10.74, 0.48, -10.77, 0.49, -10.72, 0.44, -10.68, 0.47, -10.63, 0.45, -10.64, 0.45, -10.64, 0.40, -10.65, 0.40, -10.66, 0.41, -10.71, 0.39, -10.70, 0.39, -10.73, 0.38, -10.78, 0.38, -10.80, 0.40, -10.82, 0.38, -10.87, 0.39, -10.89, 0.36, -10.91, 0.39, -10.93, 0.38, -10.93, 0.39, -10.93, 0.36, -10.91, 0.38, -10.89, 0.38, -10.88, 0.36, -10.85, 0.36, -10.80, 0.37, -10.78, 0.37, -10.77, 0.33, -10.74, 0.36, -10.69, 0.33, -10.70, 0.36, -10.67, 0.35, -10.67, 0.35, -10.67, 0.33, -10.69, 0.36, -10.73, 0.36, -10.72, 0.36, -10.70, 0.36, -10.66, 0.33, -10.69, 0.34, -10.71, 0.34, -10.71, 0.35, -10.71, 0.33, -10.68, 0.32, -10.69, 0.33, -10.69, 0.34, -10.70, 0.33, -10.68, 0.32, 
OA-G3-0, -6.59, 0.86, -6.38, 0.65, -6.44, 0.61, -6.30, 0.51, -6.48, 0.49, -6.77, 0.46, -7.02, 0.40, -6.99, 0.39, -6.85, 0.38, -6.68, 0.37, -6.74, 0.36, -6.64, 0.33, -6.68, 0.31, -6.77, 0.31, -6.67, 0.28, -6.71, 0.29, -6.72, 0.28, -6.74, 0.27, -6.81, 0.25, -6.82, 0.26, -6.83, 0.23, -6.82, 0.24, -6.79, 0.23, -6.83, 0.23, -6.78, 0.22, -6.72, 0.22, -6.70, 0.23, -6.66, 0.22, -6.60, 0.23, -6.55, 0.22, -6.48, 0.21, -6.50, 0.22, -6.47, 0.22, -6.47, 0.20, -6.49, 0.19, -6.49, 0.20, -6.48, 0.21, -6.46, 0.21, -6.40, 0.21, -6.42, 0.20, -6.44, 0.20, -6.44, 0.19, -6.47, 0.18, -6.47, 0.19, -6.49, 0.19, -6.47, 0.17, -6.49, 0.18, -6.49, 0.18, -6.47, 0.17, -6.48, 0.17, -6.50, 0.18, -6.48, 0.18, -6.47, 0.17, -6.46, 0.16, -6.46, 0.17, -6.47, 0.17, -6.47, 0.16, -6.49, 0.16, -6.50, 0.17, -6.47, 0.16, -6.49, 0.15, -6.47, 0.16, -6.43, 0.15, -6.42, 0.15, -6.41, 0.15, -6.39, 0.16, -6.39, 0.15, -6.40, 0.15, -6.41, 0.13, -6.42, 0.14, -6.42, 0.14, -6.44, 0.14, -6.44, 0.14, -6.42, 0.15, -6.42, 0.15, -6.44, 0.14, -6.43, 0.14, -6.43, 0.14, -6.44, 0.14, -6.44, 0.14, -6.46, 0.14, -6.46, 0.13, -6.45, 0.14, -6.45, 0.13, -6.43, 0.14, -6.43, 0.13, -6.43, 0.14, -6.42, 0.13, -6.42, 0.14, -6.41, 0.13, -6.42, 0.13, -6.42, 0.13, -6.42, 0.13, -6.41, 0.13, -6.42, 0.13, -6.41, 0.12, -6.40, 0.13, -6.40, 0.13, -6.40, 0.12, -6.41, 0.12, 
OA-G3-1, -6.23, 0.92, -6.29, 0.66, -6.07, 0.60, -6.17, 0.53, -6.18, 0.52, -6.27, 0.47, -6.12, 0.43, -6.07, 0.41, -5.88, 0.36, -5.99, 0.35, -5.95, 0.33, -5.96, 0.33, -6.02, 0.30, -6.07, 0.31, -6.07, 0.33, -6.01, 0.30, -5.93, 0.31, -5.95, 0.30, -6.00, 0.30, -5.97, 0.29, -5.94, 0.27, -5.99, 0.27, -6.05, 0.27, -5.98, 0.29, -5.94, 0.27, -5.92, 0.27, -5.95, 0.28, -5.96, 0.28, -6.01, 0.26, -6.03, 0.25, -6.05, 0.25, -6.08, 0.23, -6.08, 0.25, -6.08, 0.24, -6.09, 0.24, -6.08, 0.23, -6.08, 0.23, -6.06, 0.23, -6.04, 0.22, -6.05, 0.21, -6.08, 0.21, -6.10, 0.21, -6.08, 0.20, -6.07, 0.21, -6.08, 0.21, -6.06, 0.20, -6.05, 0.20, -6.02, 0.19, -5.99, 0.19, -5.98, 0.19, -5.95, 0.19, -5.95, 0.20, -5.96, 0.19, -5.96, 0.19, -5.96, 0.18, -5.97, 0.19, -5.98, 0.18, -5.99, 0.17, -5.98, 0.18, -5.98, 0.17, -5.98, 0.18, -5.98, 0.18, -6.01, 0.18, -6.01, 0.18, -6.04, 0.17, -6.04, 0.16, -6.06, 0.16, -6.07, 0.16, -6.07, 0.16, -6.10, 0.15, -6.09, 0.16, -6.09, 0.16, -6.09, 0.16, -6.11, 0.15, -6.11, 0.15, -6.09, 0.16, -6.09, 0.16, -6.08, 0.15, -6.08, 0.15, -6.09, 0.15, -6.08, 0.15, -6.09, 0.14, -6.11, 0.16, -6.10, 0.15, -6.12, 0.15, -6.10, 0.15, -6.08, 0.15, -6.10, 0.15, -6.14, 0.15, -6.14, 0.15, -6.14, 0.14, -6.13, 0.14, -6.14, 0.14, -6.15, 0.14, -6.16, 0.14, -6.16, 0.14, -6.16, 0.14, -6.18, 0.14, -6.19, 0.14, -6.19, 0.14, 
OA-G3-2, -7.35, 0.85, -6.92, 0.70, -7.03, 0.59, -6.97, 0.48, -6.73, 0.45, -6.54, 0.42, -6.50, 0.41, -6.58, 0.39, -6.67, 0.36, -6.61, 0.37, -6.71, 0.33, -6.73, 0.32, -6.71, 0.30, -6.58, 0.29, -6.56, 0.27, -6.52, 0.28, -6.53, 0.28, -6.56, 0.28, -6.56, 0.24, -6.54, 0.25, -6.52, 0.25, -6.53, 0.25, -6.57, 0.24, -6.56, 0.24, -6.50, 0.23, -6.54, 0.22, -6.51, 0.22, -6.49, 0.21, -6.53, 0.22, -6.58, 0.21, -6.57, 0.21, -6.54, 0.21, -6.57, 0.21, -6.57, 0.20, -6.60, 0.20, -6.58, 0.20, -6.55, 0.20, -6.50, 0.21, -6.51, 0.19, -6.51, 0.20, -6.52, 0.20, -6.54, 0.19, -6.52, 0.19, -6.49, 0.19, -6.50, 0.18, -6.50, 0.17, -6.50, 0.19, -6.48, 0.18, -6.45, 0.18, -6.40, 0.18, -6.42, 0.17, -6.40, 0.17, -6.42, 0.17, -6.43, 0.17, -6.43, 0.17, -6.42, 0.17, -6.45, 0.17, -6.44, 0.17, -6.44, 0.16, -6.43, 0.15, -6.42, 0.15, -6.42, 0.16, -6.43, 0.16, -6.44, 0.16, -6.43, 0.15, -6.40, 0.16, -6.41, 0.16, -6.42, 0.15, -6.40, 0.15, -6.41, 0.16, -6.40, 0.15, -6.38, 0.15, -6.38, 0.15, -6.38, 0.16, -6.36, 0.15, -6.34, 0.15, -6.35, 0.15, -6.36, 0.15, -6.37, 0.14, -6.37, 0.14, -6.37, 0.14, -6.38, 0.14, -6.37, 0.15, -6.36, 0.14, -6.37, 0.14, -6.35, 0.14, -6.34, 0.14, -6.36, 0.14, -6.35, 0.14, -6.35, 0.14, -6.36, 0.13, -6.35, 0.14, -6.37, 0.13, -6.38, 0.13, -6.38, 0.13, -6.37, 0.12, -6.34, 0.13, -6.33, 0.13, -6.31, 0.13, -6.32, 0.13, 
OA-G3-3, -5.60, 0.91, -5.26, 0.68, -5.93, 0.62, -6.11, 0.48, -6.42, 0.46, -6.50, 0.46, -6.29, 0.40, -6.31, 0.40, -6.25, 0.40, -6.31, 0.35, -6.30, 0.35, -6.33, 0.34, -6.37, 0.35, -6.37, 0.35, -6.41, 0.35, -6.49, 0.35, -6.50, 0.33, -6.52, 0.33, -6.52, 0.32, -6.49, 0.31, -6.42, 0.31, -6.42, 0.29, -6.44, 0.30, -6.46, 0.29, -6.44, 0.28, -6.43, 0.28, -6.47, 0.26, -6.45, 0.27, -6.44, 0.27, -6.45, 0.26, -6.44, 0.25, -6.42, 0.26, -6.37, 0.25, -6.37, 0.26, -6.36, 0.24, -6.34, 0.23, -6.37, 0.22, -6.36, 0.23, -6.36, 0.23, -6.33, 0.21, -6.30, 0.22, -6.29, 0.21, -6.28, 0.20, -6.29, 0.21, -6.30, 0.21, -6.33, 0.20, -6.32, 0.20, -6.28, 0.19, -6.25, 0.19, -6.23, 0.18, -6.22, 0.19, -6.25, 0.19, -6.24, 0.18, -6.26, 0.18, -6.27, 0.18, -6.28, 0.19, -6.28, 0.18, -6.30, 0.18, -6.29, 0.17, -6.30, 0.17, -6.29, 0.17, -6.28, 0.17, -6.24, 0.18, -6.22, 0.18, -6.23, 0.18, -6.23, 0.17, -6.23, 0.17, -6.21, 0.17, -6.23, 0.17, -6.22, 0.17, -6.22, 0.15, -6.26, 0.16, -6.27, 0.17, -6.26, 0.16, -6.26, 0.17, -6.26, 0.16, -6.27, 0.16, -6.27, 0.16, -6.25, 0.15, -6.27, 0.15, -6.26, 0.14, -6.27, 0.14, -6.27, 0.15, -6.29, 0.15, -6.28, 0.15, -6.27, 0.15, -6.27, 0.15, -6.27, 0.14, -6.26, 0.15, -6.25, 0.14, -6.24, 0.14, -6.24, 0.14, -6.23, 0.14, -6.23, 0.14, -6.24, 0.13, -6.25, 0.14, -6.25, 0.13, -6.25, 0.14, -6.24, 0.13, -6.25, 0.13, 
OA-G3-4, -6.79, 0.88, -6.86, 0.60, -6.53, 0.46, -5.73, 0.47, -5.58, 0.43, -5.50, 0.42, -5.64, 0.42, -5.54, 0.44, -5.69, 0.43, -5.55, 0.42, -5.53, 0.42, -5.51, 0.42, -5.42, 0.41, -5.36, 0.42, -5.39, 0.39, -5.39, 0.38, -5.41, 0.38, -5.41, 0.35, -5.53, 0.33, -5.59, 0.35, -5.60, 0.33, -5.58, 0.32, -5.54, 0.33, -5.58, 0.33, -5.61, 0.32, -5.62, 0.32, -5.65, 0.31, -5.67, 0.28, -5.67, 0.28, -5.71, 0.28, -5.73, 0.27, -5.76, 0.28, -5.83, 0.28, -5.89, 0.28, -5.93, 0.28, -5.97, 0.27, -5.95, 0.26, -5.96, 0.26, -5.99, 0.26, -5.98, 0.25, -6.01, 0.25, -5.99, 0.25, -5.99, 0.23, -5.99, 0.23, -6.02, 0.23, -6.06, 0.22, -6.11, 0.23, -6.10, 0.23, -6.12, 0.23, -6.14, 0.21, -6.14, 0.23, -6.15, 0.22, -6.16, 0.22, -6.19, 0.21, -6.19, 0.21, -6.21, 0.22, -6.20, 0.22, -6.19, 0.21, -6.20, 0.20, -6.17, 0.20, -6.17, 0.19, -6.15, 0.19, -6.15, 0.19, -6.14, 0.18, -6.14, 0.18, -6.16, 0.19, -6.18, 0.19, -6.17, 0.18, -6.19, 0.18, -6.18, 0.18, -6.21, 0.18, -6.20, 0.18, -6.22, 0.17, -6.22, 0.18, -6.22, 0.17, -6.21, 0.17, -6.23, 0.17, -6.23, 0.16, -6.23, 0.17, -6.21, 0.17, -6.20, 0.17, -6.19, 0.16, -6.18, 0.16, -6.19, 0.17, -6.20, 0.16, -6.20, 0.16, -6.21, 0.15, -6.21, 0.15, -6.20, 0.15, -6.23, 0.15, -6.22, 0.15, -6.23, 0.15, -6.24, 0.15, -6.26, 0.15, -6.28, 0.14, -6.26, 0.14, -6.27, 0.14, -6.28, 0.14, -6.28, 0.14, -6.29, 0.14, 
OA-G6-0, -8.12, 0.99, -6.63, 0.79, -6.48, 0.64, -6.78, 0.58, -6.62, 0.52, -6.46, 0.51, -6.53, 0.51, -6.52, 0.50, -6.54, 0.51, -6.45, 0.47, -6.31, 0.43, -6.32, 0.43, -6.47, 0.45, -6.49, 0.43, -6.53, 0.43, -6.62, 0.45, -6.79, 0.45, -6.79, 0.43, -6.78, 0.40, -6.90, 0.38, -6.91, 0.37, -6.84, 0.36, -6.85, 0.36, -6.90, 0.38, -6.95, 0.35, -6.94, 0.34, -6.99, 0.33, -7.02, 0.33, -7.02, 0.33, -7.08, 0.32, -7.04, 0.31, -7.04, 0.32, -7.02, 0.33, -7.04, 0.32, -6.96, 0.28, -6.94, 0.30, -6.94, 0.30, -6.91, 0.30, -6.88, 0.30, -6.85, 0.28, -6.89, 0.28, -6.90, 0.29, -6.92, 0.29, -6.94, 0.27, -7.00, 0.27, -6.91, 0.28, -6.87, 0.27, -6.89, 0.27, -6.89, 0.27, -6.92, 0.27, -6.92, 0.25, -6.91, 0.25, -6.91, 0.25, -6.88, 0.26, -6.86, 0.25, -6.84, 0.25, -6.83, 0.24, -6.79, 0.24, -6.77, 0.25, -6.73, 0.24, -6.75, 0.24, -6.76, 0.23, -6.76, 0.23, -6.74, 0.22, -6.77, 0.21, -6.77, 0.20, -6.76, 0.21, -6.78, 0.21, -6.77, 0.20, -6.74, 0.20, -6.73, 0.20, -6.73, 0.20, -6.72, 0.20, -6.70, 0.20, -6.70, 0.20, -6.70, 0.20, -6.69, 0.19, -6.71, 0.20, -6.72, 0.19, -6.75, 0.20, -6.77, 0.19, -6.75, 0.18, -6.78, 0.19, -6.77, 0.19, -6.77, 0.17, -6.77, 0.19, -6.78, 0.18, -6.76, 0.17, -6.76, 0.18, -6.77, 0.18, -6.74, 0.18, -6.76, 0.18, -6.78, 0.18, -6.78, 0.17, -6.78, 0.19, -6.78, 0.18, -6.77, 0.18, -6.76, 0.17, -6.76, 0.17, -6.78, 0.17, 
OA-G6-1, -6.95, 1.09, -7.12, 0.81, -7.42, 0.73, -7.25, 0.65, -7.33, 0.62, -7.12, 0.52, -6.90, 0.49, -6.80, 0.48, -6.85, 0.47, -6.74, 0.44, -6.77, 0.41, -6.74, 0.45, -6.72, 0.42, -6.78, 0.43, -6.73, 0.43, -6.68, 0.43, -6.69, 0.44, -6.74, 0.41, -6.75, 0.42, -6.83, 0.39, -6.82, 0.40, -6.81, 0.40, -6.78, 0.43, -6.67, 0.42, -6.73, 0.39, -6.64, 0.36, -6.71, 0.36, -6.56, 0.36, -6.56, 0.36, -6.58, 0.34, -6.59, 0.36, -6.64, 0.35, -6.62, 0.35, -6.56, 0.37, -6.55, 0.33, -6.54, 0.33, -6.50, 0.31, -6.57, 0.29, -6.59, 0.28, -6.59, 0.29, -6.61, 0.28, -6.58, 0.29, -6.56, 0.27, -6.60, 0.28, -6.55, 0.28, -6.59, 0.29, -6.62, 0.28, -6.60, 0.28, -6.58, 0.28, -6.55, 0.27, -6.58, 0.26, -6.61, 0.25, -6.67, 0.26, -6.72, 0.24, -6.74, 0.24, -6.75, 0.25, -6.78, 0.25, -6.77, 0.24, -6.81, 0.23, -6.79, 0.24, -6.80, 0.24, -6.79, 0.22, -6.79, 0.24, -6.79, 0.24, -6.78, 0.23, -6.81, 0.23, -6.83, 0.23, -6.82, 0.22, -6.81, 0.23, -6.77, 0.23, -6.79, 0.21, -6.78, 0.22, -6.78, 0.21, -6.76, 0.22, -6.76, 0.21, -6.73, 0.22, -6.73, 0.21, -6.74, 0.21, -6.74, 0.20, -6.73, 0.20, -6.74, 0.20, -6.75, 0.20, -6.75, 0.20, -6.78, 0.20, -6.80, 0.21, -6.79, 0.20, -6.79, 0.19, -6.81, 0.19, -6.82, 0.19, -6.84, 0.19, -6.84, 0.18, -6.84, 0.19, -6.84, 0.18, -6.83, 0.19, -6.84, 0.19, -6.85, 0.18, -6.85, 0.18, -6.86, 0.18, -6.87, 0.18, -6.87, 0.17, 
OA-G6-2, -8.33, 1.02, -7.68, 0.83, -7.32, 0.70, -6.99, 0.65, -6.60, 0.66, -6.65, 0.57, -6.32, 0.53, -6.29, 0.54, -6.48, 0.48, -6.56, 0.46, -6.61, 0.48, -6.66, 0.47, -6.85, 0.47, -6.78, 0.45, -6.70, 0.42, -6.74, 0.43, -6.76, 0.40, -6.68, 0.38, -6.60, 0.36, -6.62, 0.37, -6.64, 0.36, -6.49, 0.36, -6.45, 0.37, -6.37, 0.35, -6.43, 0.33, -6.42, 0.33, -6.35, 0.33, -6.40, 0.32, -6.48, 0.31, -6.52, 0.31, -6.52, 0.32, -6.56, 0.32, -6.55, 0.31, -6.59, 0.29, -6.56, 0.29, -6.56, 0.27, -6.56, 0.28, -6.55, 0.27, -6.61, 0.28, -6.59, 0.27, -6.59, 0.26, -6.63, 0.26, -6.62, 0.25, -6.67, 0.26, -6.68, 0.26, -6.70, 0.24, -6.70, 0.25, -6.74, 0.25, -6.78, 0.26, -6.75, 0.25, -6.73, 0.25, -6.75, 0.26, -6.79, 0.26, -6.83, 0.26, -6.83, 0.28, -6.84, 0.25, -6.85, 0.26, -6.83, 0.24, -6.84, 0.25, -6.84, 0.25, -6.82, 0.24, -6.81, 0.23, -6.80, 0.23, -6.78, 0.24, -6.78, 0.24, -6.75, 0.24, -6.73, 0.23, -6.75, 0.23, -6.76, 0.23, -6.75, 0.23, -6.72, 0.22, -6.73, 0.23, -6.77, 0.23, -6.79, 0.21, -6.77, 0.20, -6.78, 0.21, -6.80, 0.21, -6.79, 0.21, -6.82, 0.19, -6.82, 0.20, -6.85, 0.20, -6.85, 0.20, -6.83, 0.20, -6.82, 0.20, -6.81, 0.19, -6.83, 0.20, -6.80, 0.20, -6.78, 0.20, -6.81, 0.19, -6.82, 0.20, -6.81, 0.18, -6.81, 0.19, -6.80, 0.19, -6.78, 0.19, -6.77, 0.19, -6.79, 0.18, -6.76, 0.18, -6.75, 0.18, -6.76, 0.18, -6.75, 0.17, 
OA-G6-3, -8.78, 1.12, -9.39, 0.88, -8.80, 0.70, -7.98, 0.67, -7.72, 0.61, -7.48, 0.55, -7.27, 0.55, -7.08, 0.49, -6.88, 0.49, -6.92, 0.45, -6.87, 0.45, -6.90, 0.41, -6.82, 0.39, -6.84, 0.38, -6.85, 0.37, -6.90, 0.35, -6.87, 0.34, -6.93, 0.32, -6.80, 0.34, -6.71, 0.33, -6.66, 0.31, -6.53, 0.35, -6.55, 0.35, -6.63, 0.32, -6.66, 0.31, -6.65, 0.30, -6.72, 0.28, -6.76, 0.29, -6.79, 0.29, -6.80, 0.29, -6.84, 0.31, -6.95, 0.31, -6.92, 0.29, -6.87, 0.29, -6.89, 0.27, -6.85, 0.28, -6.86, 0.28, -6.89, 0.29, -6.90, 0.30, -6.90, 0.30, -6.85, 0.28, -6.83, 0.28, -6.81, 0.27, -6.81, 0.26, -6.81, 0.28, -6.80, 0.25, -6.80, 0.25, -6.76, 0.26, -6.78, 0.25, -6.80, 0.25, -6.81, 0.26, -6.82, 0.26, -6.83, 0.27, -6.86, 0.26, -6.87, 0.26, -6.86, 0.25, -6.89, 0.25, -6.91, 0.25, -6.89, 0.25, -6.95, 0.25, -6.95, 0.27, -6.94, 0.23, -6.96, 0.25, -6.94, 0.25, -6.95, 0.25, -6.94, 0.25, -6.91, 0.26, -6.91, 0.25, -6.89, 0.24, -6.92, 0.24, -6.94, 0.23, -6.97, 0.23, -6.96, 0.22, -6.95, 0.23, -6.95, 0.22, -6.94, 0.22, -6.93, 0.22, -6.93, 0.21, -6.90, 0.21, -6.88, 0.23, -6.87, 0.22, -6.87, 0.21, -6.87, 0.21, -6.87, 0.21, -6.86, 0.22, -6.84, 0.21, -6.84, 0.21, -6.81, 0.20, -6.79, 0.21, -6.79, 0.20, -6.80, 0.21, -6.80, 0.19, -6.82, 0.19, -6.81, 0.20, -6.79, 0.20, -6.79, 0.20, -6.79, 0.20, -6.79, 0.20, -6.82, 0.20, -6.79, 0.20, 
OA-G6-4, -7.45, 1.04, -7.04, 0.84, -7.23, 0.66, -7.00, 0.64, -6.91, 0.56, -6.63, 0.53, -6.58, 0.51, -6.49, 0.51, -6.47, 0.52, -6.46, 0.47, -6.71, 0.47, -6.70, 0.45, -6.75, 0.44, -6.62, 0.44, -6.60, 0.46, -6.53, 0.47, -6.52, 0.45, -6.57, 0.44, -6.58, 0.42, -6.63, 0.43, -6.64, 0.43, -6.65, 0.43, -6.65, 0.42, -6.69, 0.41, -6.71, 0.36, -6.74, 0.37, -6.72, 0.38, -6.69, 0.36, -6.63, 0.38, -6.57, 0.35, -6.53, 0.38, -6.53, 0.36, -6.51, 0.37, -6.46, 0.37, -6.43, 0.37, -6.40, 0.40, -6.37, 0.40, -6.43, 0.40, -6.48, 0.37, -6.54, 0.36, -6.54, 0.35, -6.57, 0.34, -6.56, 0.31, -6.58, 0.35, -6.54, 0.31, -6.51, 0.30, -6.48, 0.32, -6.46, 0.30, -6.42, 0.31, -6.45, 0.31, -6.42, 0.30, -6.41, 0.28, -6.42, 0.30, -6.40, 0.31, -6.43, 0.30, -6.40, 0.29, -6.42, 0.28, -6.39, 0.29, -6.41, 0.28, -6.46, 0.27, -6.49, 0.28, -6.50, 0.26, -6.55, 0.30, -6.54, 0.28, -6.59, 0.26, -6.59, 0.26, -6.64, 0.26, -6.65, 0.24, -6.65, 0.25, -6.68, 0.26, -6.66, 0.25, -6.64, 0.27, -6.65, 0.25, -6.62, 0.26, -6.63, 0.25, -6.65, 0.26, -6.65, 0.24, -6.63, 0.25, -6.61, 0.24, -6.63, 0.25, -6.62, 0.24, -6.62, 0.24, -6.62, 0.23, -6.61, 0.24, -6.63, 0.23, -6.63, 0.25, -6.64, 0.24, -6.65, 0.24, -6.67, 0.24, -6.67, 0.24, -6.67, 0.24, -6.67, 0.24, -6.65, 0.23, -6.65, 0.22, -6.62, 0.22, -6.62, 0.22, -6.62, 0.22, -6.62, 0.23, -6.64, 0.23, -6.63, 0.23, 
#
# Each line of the "Cost" section below should include the following four elements in this order: system ID, total number of energy evaluations,
# total wall-clock time (in seconds), and total CPU time (in seconds). The CPU time is optional (the example below
# does not report it). The "Cost:" keyword is required.
#
# The total number of energy evaluations should approximately be the same for all 5 replicates of each system. This
# is necessary to be able to compute meaningful performance statistics from the data in the "Predictions" section.
#
# If your implementation is distributed over multiple processes/CPUs/GPUs, please include in the "TechnicalDetails"
# section a description of the parallelization strategy that clarifies how to interpret the wall-clock time.
Cost:
CB8-G3-0, 2135000000, 1137008,  
CB8-G3-1, 2135000000, 1080128,  
CB8-G3-2, 2135000000, 1208190,  
CB8-G3-3, 2135000000, 1076588,  
CB8-G3-4, 2135000000, 1211661, 
OA-G3-0, 457500000, 250332.0
OA-G3-1, 457500000, 255902.0
OA-G3-2, 457500000, 249854.0
OA-G3-3, 457500000, 249987.0
OA-G3-4, 457500000, 248915.0
OA-G6-0, 305000000, 164763.0
OA-G6-1, 305000000, 168776.0
OA-G6-2, 305000000, 165044.0
OA-G6-3, 305000000, 164259.0
OA-G6-4, 305000000, 164065.0
#
# Please provide an informal yet informative name for the method used.
# The "Name:" keyword is required, as shown here.
Name:
APR/pAPRika
#
# All major software packages used and their versions.
# The "Software:" keyword is required.
Software:
AMBER 18
pAPRika 2018-05-04_17:51:31_-0700-e69f053-0.0.3
#
# A description of the hardware used to run the simulations. If your implementation is distributed over multiple
# processes/CPUs/GPUs, please include a description of the parallelization strategy that clarifies how to interpret
# the total wall-clock time given in the "Cost" section. The "TechnicalDetails:" keyword is required.
TechnicalDetails:

All OA simulations were performed on GeForce GTX Titan X (GM200) GPUs using the Cuda 9.0 toolkit and driver version 384.69. The CB8 simulations also primarily used these GPUs, but was also supplemented by an assortment of GTX680, GTX780, and GTX980 GPUs. The CB8 simulation speed for the GTX680, GTX780, GTX980, and GTX Titan X were approximately 213, 206, 287, and 342 ns/day. It is unclear why the GTX780 is slower than the GTX680, but the relatively small system sizes may not fully use the GPU resources, depending on the architecture. 

#
# Methodology and computational details.
# The level of detail should be at least that used in a publication. Please include the values of key parameters,
# with units, and explain how any statistical uncertainties were estimated. In particular, be sure to include a
# complete description of the thermodynamic cycle and the number of states (or windows) employed.
#
# Use as many lines of text as you need. All text following the "Method:" keyword will be regarded as part of your
# free text methods description.
Method:
We used the attach-pull-release (APR) method to calculate absolute binding free energies of each host-guest complex. We used 14 "attach" umbrella sampling windows, during which time host-guest complex restraints are gradually applied, and 46 "pull" umbrella sampling windows to separate the host and guest. A final, analytic "release" phase was applied to adjust the effective guest concentration to standard conditions (1 M). Since CB8 has two symmetrically equivalent openings, and the APR method only pulls the guest out of one opening, we have added an additional -RTln(2) = -0.41 kcal/mol to the calculated binding free energy to adjust for this additional equivalent entropic state.

The restraints were setup using our in-development Python package: pAPRika. Six restraints (1 distance, 2 angles, and 3 dihedrals) were used to restrain the translational and orientational degrees of freedom of the host relative to three positionally restrained dummy anchor atoms. These restraints, which were constant throughout all APR windows, did not perturb the internal degrees of freedom of the host. The distance force constant was set to 5.0 kcal/mol-Å**2 and the angle force constant to 100.0 kcal/mol-rad**2. Three additional restraints were added, during the attach phase of APR, between the dummy atoms and two guest atoms in order to orient the guest relative to the host and then separate the two molecules by 18 Å. The distance and angle force constants for these restraints were the same as before.

All equilibration and production simulations were carried out with the GPU-capable pmemd.cuda MD engine. The OA systems were solvated with 3000 waters and the CB8 systems were solvated with 2500 waters. Equilibration consisted of 500 steps of energy minimization and enough NPT simulation such that 1 ns could be completed without the simulation box dimensions changing beyond AMBER limits (up to 10 ns total). All simulations used a time step of 2 fs, with a Langevin thermostat and a Monte Carlo barostat. The nonbonded cutoff was set to 9.0 Å, and the default AMBER PME parameters were employed.

For the OA-G3 simulations, we performed 10 ns of sampling per window. For the OA-G6 simulations, we performed 15 ns of sampling per window. For the CB8-G3 simulations, we performed 70 ns of sampling per window. In all cases, we used thermodynamic integration to compute the binding free energies (we have also repeated the analysis with MBAR, but have not uploaded those results here.) To compute the uncertainties, we 1) used blocking analysis to calculate the mean and standard error of dU/dλ in each window, 2) we created 1000 bootstrapped splines through points sampled off the distribution determined by the dU/dλ mean and SEM for each window, 3) used trapezoidal integration for the total free energy for each spline, and 4) computed the mean and standard deviation of the free energies from the bootstrap samples.
