#SAMPLing challenge results: WExplore with koff/kon ratio
# PI: Alex Dickson 
# Michigan State University
#
# The dF estimations use the uncertainty in the mean of the 5 runs
#
Predictions:
CB8-G3-0, 0.00, 0.00, 0.00, 0.00, 0.00, 0.00, 0.00, 0.00, 0.00, 0.00, 0.00, 0.00, 0.00, 4.98, 0.00, 7.33, 0.00, 7.29, 0.00, 7.32, 0.00, 6.71, 0.00, 6.65, 0.00, 6.58, 0.00, 6.58, 0.00, 6.30, 0.00, 6.28, 0.00, 6.27, 0.00, 6.18, 0.00, 6.18, 0.00, 6.17, 0.00, 6.15, 0.00, 6.14, 0.00, 6.29, -18.03, 3.48, -18.27, 3.55, -18.27, 3.52, -18.44, 3.55, -18.44, 3.58, -18.44, 3.60, -18.44, 3.60, -17.99, 3.51, -17.99, 3.51, -17.99, 3.52, -17.99, 3.52, -18.12, 3.54, -18.12, 3.56, -18.12, 1.37, -18.23, 1.38, -18.23, 1.37, -18.23, 1.38, -18.23, 1.37, -18.32, 1.39, -18.32, 1.39, -18.32, 1.38, -18.32, 1.38, -18.40, 1.41, -18.40, 1.41, -18.67, 1.50, -18.67, 1.51, -18.74, 1.53, -18.74, 1.54, -18.74, 1.53, -18.74, 1.53, -18.74, 1.53, -18.78, 1.37, -18.78, 1.34, -18.54, 1.26, -18.54, 1.23, -18.54, 1.23, -18.54, 1.23, -18.60, 1.24, -18.60, 1.16, -18.67, 1.19, -18.70, 1.20, -18.70, 1.21, -18.70, 1.23, -18.70, 1.24, -18.73, 1.25, -18.77, 1.24, -18.77, 1.23, -18.77, 1.22, -18.80, 1.23, -18.80, 1.22, -18.80, 1.23, -18.83, 1.24, -18.85, 1.25, -18.88, 1.26, -18.88, 1.27, -18.90, 1.27, -18.54, 1.16, -18.54, 1.17, -18.54, 1.17, -18.56, 1.18, -18.56, 1.18, -18.58, 1.19, -18.58, 1.19, -18.61, 1.21, -18.61, 1.21, -18.61, 1.21, -18.61, 1.20, -18.65, 1.21, -18.65, 1.21, -18.65, 1.21, -18.65, 1.22, -18.65, 1.22, -18.65, 1.22, -18.67, 1.22, -18.67, 1.22, -18.67, 1.22, -18.69, 1.23
CB8-G3-1, 0.00, 0.00, 0.00, 0.00, 0.00, 0.00, 0.00, 0.00, 0.00, 0.00, 0.00, 0.00, -12.46, 4.98, -12.30, 7.33, -12.01, 7.29, -12.01, 7.32, -11.95, 6.71, -11.90, 6.65, -11.85, 6.58, -11.85, 6.58, -11.85, 6.30, -11.85, 6.28, -11.81, 6.27, -11.81, 6.18, -11.81, 6.18, -11.81, 6.17, -11.81, 6.15, -11.81, 6.14, -14.07, 6.29, -14.07, 3.48, -14.07, 3.55, -14.07, 3.52, -14.03, 3.55, -15.40, 3.58, -15.45, 3.60, -15.41, 3.60, -15.37, 3.51, -15.30, 3.51, -15.25, 3.52, -15.25, 3.52, -15.32, 3.54, -15.68, 3.56, -15.67, 1.37, -15.88, 1.38, -15.86, 1.37, -15.82, 1.38, -15.80, 1.37, -15.80, 1.39, -15.80, 1.39, -15.80, 1.38, -15.84, 1.38, -16.04, 1.41, -16.04, 1.41, -16.03, 1.50, -16.04, 1.51, -16.07, 1.53, -16.06, 1.54, -16.06, 1.53, -16.06, 1.53, -16.07, 1.53, -16.07, 1.37, -16.07, 1.34, -16.06, 1.26, -16.20, 1.23, -16.19, 1.23, -16.16, 1.23, -16.16, 1.24, -16.16, 1.16, -16.14, 1.19, -16.14, 1.20, -16.14, 1.21, -16.13, 1.23, -16.13, 1.24, -16.13, 1.25, -16.13, 1.24, -16.13, 1.23, -16.13, 1.22, -16.13, 1.23, -16.13, 1.22, -16.13, 1.23, -16.13, 1.24, -16.13, 1.25, -16.13, 1.26, -16.13, 1.27, -16.13, 1.27, -16.13, 1.16, -16.13, 1.17, -16.13, 1.17, -16.13, 1.18, -16.13, 1.18, -16.13, 1.19, -16.13, 1.19, -16.13, 1.21, -16.13, 1.21, -16.13, 1.21, -16.13, 1.20, -16.13, 1.21, -16.13, 1.21, -16.13, 1.21, -16.13, 1.22, -16.13, 1.22, -16.13, 1.22, -16.13, 1.22, -16.13, 1.22, -16.13, 1.22, -16.13, 1.23
CB8-G3-2, 0.00, 0.00, 0.00, 0.00, 0.00, 0.00, 0.00, 0.00, 0.00, 0.00, 0.00, 0.00, 0.00, 4.98, -17.00, 7.33, -17.03, 7.29, -17.12, 7.32, -17.14, 6.71, -16.92, 6.65, -16.71, 6.58, -16.71, 6.58, -15.91, 6.30, -15.82, 6.28, -15.72, 6.27, -15.72, 6.18, -15.72, 6.18, -15.96, 6.17, -15.84, 6.15, -15.77, 6.14, -15.72, 6.29, -15.72, 3.48, -15.72, 3.55, -15.71, 3.52, -15.68, 3.55, -15.64, 3.58, -15.62, 3.60, -15.62, 3.60, -15.62, 3.51, -15.62, 3.51, -15.61, 3.52, -15.61, 3.52, -15.66, 3.54, -15.71, 3.56, -15.71, 1.37, -15.72, 1.38, -15.72, 1.37, -15.72, 1.38, -15.80, 1.37, -15.85, 1.39, -15.94, 1.39, -15.94, 1.38, -15.94, 1.38, -15.93, 1.41, -15.90, 1.41, -15.90, 1.50, -15.89, 1.51, -15.89, 1.53, -15.89, 1.54, -15.98, 1.53, -15.98, 1.53, -15.98, 1.53, -15.98, 1.37, -15.97, 1.34, -15.97, 1.26, -15.97, 1.23, -15.97, 1.23, -15.97, 1.23, -15.97, 1.24, -15.97, 1.16, -15.97, 1.19, -15.97, 1.20, -15.97, 1.21, -15.97, 1.23, -15.97, 1.24, -15.97, 1.25, -15.97, 1.24, -15.97, 1.23, -15.97, 1.22, -15.97, 1.23, -16.00, 1.22, -16.00, 1.23, -15.99, 1.24, -15.99, 1.25, -15.99, 1.26, -16.00, 1.27, -16.02, 1.27, -16.09, 1.16, -16.10, 1.17, -16.10, 1.17, -16.10, 1.18, -16.10, 1.18, -16.10, 1.19, -16.10, 1.19, -16.10, 1.21, -16.10, 1.21, -16.10, 1.21, -16.10, 1.20, -16.14, 1.21, -16.16, 1.21, -16.16, 1.21, -16.19, 1.22, -16.19, 1.22, -16.19, 1.22, -16.21, 1.22, -16.22, 1.22, -16.22, 1.22, -16.22, 1.23
CB8-G3-3, 0.00, 0.00, 0.00, 0.00, 0.00, 0.00, 0.00, 0.00, 0.00, 0.00, 0.00, 0.00, 0.00, 4.98, 0.00, 7.33, 0.00, 7.29, 0.00, 7.32, -7.91, 6.71, -8.30, 6.65, -8.18, 6.58, -8.25, 6.58, -8.30, 6.30, -8.30, 6.28, -8.28, 6.27, -8.25, 6.18, -8.23, 6.18, -8.21, 6.17, -8.21, 6.15, -8.21, 6.14, -8.19, 6.29, -8.19, 3.48, -8.19, 3.55, -8.19, 3.52, -8.19, 3.55, -8.19, 3.58, -8.17, 3.60, -8.17, 3.60, -8.17, 3.51, -8.17, 3.51, -8.15, 3.52, -8.15, 3.52, -8.15, 3.54, -8.13, 3.56, -14.24, 1.37, -14.26, 1.38, -14.29, 1.37, -14.29, 1.38, -14.29, 1.37, -14.29, 1.39, -14.30, 1.39, -14.31, 1.38, -14.31, 1.38, -14.31, 1.41, -14.31, 1.41, -14.31, 1.50, -14.31, 1.51, -14.31, 1.53, -14.31, 1.54, -14.31, 1.53, -14.31, 1.53, -14.31, 1.53, -14.92, 1.37, -15.04, 1.34, -15.10, 1.26, -15.16, 1.23, -15.18, 1.23, -15.18, 1.23, -15.19, 1.24, -15.54, 1.16, -15.54, 1.19, -15.54, 1.20, -15.52, 1.21, -15.37, 1.23, -15.34, 1.24, -15.34, 1.25, -15.34, 1.24, -15.34, 1.23, -15.33, 1.22, -15.33, 1.23, -15.32, 1.22, -15.32, 1.23, -15.32, 1.24, -15.32, 1.25, -15.32, 1.26, -15.32, 1.27, -15.31, 1.27, -15.26, 1.16, -15.22, 1.17, -15.22, 1.17, -15.21, 1.18, -15.20, 1.18, -15.20, 1.19, -15.20, 1.19, -15.20, 1.21, -15.20, 1.21, -15.20, 1.21, -15.20, 1.20, -15.20, 1.21, -15.20, 1.21, -15.19, 1.21, -15.19, 1.22, -15.19, 1.22, -15.18, 1.22, -15.18, 1.22, -15.18, 1.22, -15.18, 1.22, -15.18, 1.23
CB8-G3-4, 0.00, 0.00, 0.00, 0.00, 0.00, 0.00, 0.00, 0.00, 0.00, 0.00, 0.00, 0.00, 0.00, 4.98, 0.00, 7.33, 0.00, 7.29, 0.00, 7.32, 0.00, 6.71, 0.00, 6.65, 0.00, 6.58, 0.00, 6.58, -17.74, 6.30, -17.74, 6.28, -17.74, 6.27, -17.34, 6.18, -17.34, 6.18, -17.08, 6.17, -17.08, 6.15, -17.08, 6.14, -17.08, 6.29, -17.08, 3.48, -17.21, 3.55, -17.02, 3.52, -17.02, 3.55, -17.27, 3.58, -17.37, 3.60, -17.37, 3.60, -17.37, 3.51, -17.37, 3.51, -17.37, 3.52, -17.37, 3.52, -17.37, 3.54, -17.37, 3.56, -17.37, 1.37, -17.37, 1.38, -17.37, 1.37, -17.37, 1.38, -17.37, 1.37, -17.37, 1.39, -17.37, 1.39, -17.37, 1.38, -17.37, 1.38, -17.51, 1.41, -17.51, 1.41, -17.59, 1.50, -17.65, 1.51, -17.65, 1.53, -17.71, 1.54, -17.71, 1.53, -17.71, 1.53, -17.71, 1.53, -17.71, 1.37, -17.71, 1.34, -17.71, 1.26, -17.71, 1.23, -17.71, 1.23, -17.71, 1.23, -17.71, 1.24, -17.71, 1.16, -17.71, 1.19, -17.75, 1.20, -17.75, 1.21, -17.68, 1.23, -17.68, 1.24, -17.68, 1.25, -17.55, 1.24, -17.42, 1.23, -17.37, 1.22, -17.30, 1.23, -17.30, 1.22, -17.33, 1.23, -17.33, 1.24, -17.42, 1.25, -17.42, 1.26, -17.50, 1.27, -17.46, 1.27, -17.49, 1.16, -17.49, 1.17, -17.49, 1.17, -17.49, 1.18, -17.49, 1.18, -17.51, 1.19, -17.51, 1.19, -17.54, 1.21, -17.54, 1.21, -17.54, 1.21, -17.51, 1.20, -17.48, 1.21, -17.50, 1.21, -17.50, 1.21, -17.55, 1.22, -17.55, 1.22, -17.57, 1.22, -17.57, 1.22, -17.57, 1.22, -17.57, 1.22, -17.56, 1.23
OA-G3-0, 0.00, 0.00, 0.00, 4.14, -9.82, 4.94, -9.25, 4.43, -9.25, 4.70, -9.25, 4.80, -9.25, 4.30, -9.25, 4.11, -9.25, 4.10, -9.25, 4.10, -10.83, 4.48, -10.83, 4.45, -10.80, 3.00, -10.80, 2.74, -10.80, 2.80, -10.80, 2.78, -10.81, 2.87, -10.81, 3.00, -10.93, 2.97, -10.93, 3.00, -10.93, 3.05, -10.93, 3.07, -10.93, 3.08, -10.93, 3.02, -10.93, 3.07, -10.93, 3.15, -10.95, 3.15, -10.99, 2.79, -10.99, 2.79, -10.99, 2.79, -10.99, 2.85, -10.99, 2.85, -11.03, 2.90, -11.03, 2.96, -11.03, 2.67, -11.03, 2.67, -11.03, 2.70, -11.03, 2.71, -11.03, 2.70, -11.03, 2.69, -10.87, 2.69, -10.80, 2.61, -10.88, 2.54, -10.88, 2.55, -10.88, 2.52, -10.88, 1.05, -11.19, 1.05, -11.19, 1.05, -11.19, 1.05, -11.42, 1.06, -11.43, 1.03, -11.43, 1.04, -11.43, 1.04, -11.61, 1.05, -11.23, 1.03, -11.23, 1.04, -11.23, 1.02, -11.23, 1.08, -11.23, 1.01, -11.27, 1.01, -11.28, 1.01, -11.31, 1.01, -11.31, 1.00, -11.34, 1.01, -11.34, 1.01, -11.34, 1.01, -11.34, 1.01, -11.35, 0.99, -10.57, 0.96, -10.57, 0.96, -10.58, 0.96, -10.58, 0.95, -10.67, 0.94, -10.67, 0.94, -10.67, 0.94, -10.68, 0.94, -10.69, 0.94, -10.69, 0.94, -10.78, 0.94, -10.78, 0.94, -10.85, 0.93, -10.85, 0.94, -10.86, 0.94, -10.86, 1.66, -10.86, 1.65, -10.86, 1.66, -10.86, 1.66, -10.86, 1.67, -10.93, 1.67, -10.93, 1.67, -10.93, 1.67, -10.93, 1.67, -10.93, 1.67, -10.93, 1.63, -11.00, 1.63, -11.00, 1.62, -11.00, 1.64, -11.00, 1.63, -11.01, 1.63, -11.01, 1.63
OA-G3-1, 0.00, 0.00, 0.00, 4.14, 0.00, 4.94, 0.00, 4.43, 0.00, 4.70, 0.00, 4.80, 0.00, 4.30, 0.00, 4.11, 0.00, 4.10, 0.00, 4.10, 0.00, 4.48, 0.00, 4.45, -12.20, 3.00, -12.10, 2.74, -12.08, 2.80, -12.08, 2.78, -12.99, 2.87, -12.99, 3.00, -12.99, 2.97, -13.01, 3.00, -13.04, 3.05, -13.05, 3.07, -13.05, 3.08, -13.05, 3.02, -13.05, 3.07, -13.05, 3.15, -13.05, 3.15, -13.05, 2.79, -13.07, 2.79, -13.07, 2.79, -13.07, 2.85, -13.07, 2.85, -13.07, 2.90, -13.07, 2.96, -13.10, 2.67, -13.10, 2.67, -13.10, 2.70, -13.10, 2.71, -13.15, 2.70, -13.15, 2.69, -13.15, 2.69, -13.15, 2.61, -13.15, 2.54, -13.15, 2.55, -12.82, 2.52, -11.72, 1.05, -11.72, 1.05, -11.69, 1.05, -11.68, 1.05, -11.67, 1.06, -11.67, 1.03, -11.67, 1.04, -11.67, 1.04, -11.69, 1.05, -11.47, 1.03, -11.47, 1.04, -11.47, 1.02, -11.47, 1.08, -11.47, 1.01, -11.47, 1.01, -11.48, 1.01, -11.48, 1.01, -11.01, 1.00, -11.02, 1.01, -11.07, 1.01, -11.07, 1.01, -10.84, 1.01, -10.83, 0.99, -10.83, 0.96, -10.85, 0.96, -10.85, 0.96, -10.85, 0.95, -10.86, 0.94, -10.86, 0.94, -10.94, 0.94, -10.98, 0.94, -10.98, 0.94, -11.02, 0.94, -11.05, 0.94, -11.05, 0.94, -11.05, 0.93, -11.05, 0.94, -11.07, 0.94, -11.08, 1.66, -11.08, 1.65, -11.08, 1.66, -11.07, 1.66, -11.11, 1.67, -11.11, 1.67, -11.11, 1.67, -11.11, 1.67, -11.11, 1.67, -11.11, 1.67, -11.10, 1.63, -11.14, 1.63, -11.17, 1.62, -11.17, 1.64, -11.17, 1.63, -11.17, 1.63, -11.17, 1.63
OA-G3-2, 0.00, 0.00, 0.00, 4.14, 0.00, 4.94, 0.00, 4.43, 0.00, 4.70, 0.00, 4.80, 0.00, 4.30, 0.00, 4.11, 0.00, 4.10, 0.00, 4.10, 0.00, 4.48, 0.00, 4.45, -16.02, 3.00, -15.24, 2.74, -15.37, 2.80, -15.31, 2.78, -15.30, 2.87, -15.72, 3.00, -15.74, 2.97, -15.82, 3.00, -15.98, 3.05, -16.03, 3.07, -16.07, 3.08, -16.07, 3.02, -16.22, 3.07, -16.47, 3.15, -16.47, 3.15, -16.47, 2.79, -16.47, 2.79, -16.47, 2.79, -16.64, 2.85, -16.65, 2.85, -16.80, 2.90, -16.81, 2.96, -16.81, 2.67, -16.82, 2.67, -16.93, 2.70, -16.94, 2.71, -16.96, 2.70, -16.96, 2.69, -16.96, 2.69, -16.67, 2.61, -16.51, 2.54, -16.52, 2.55, -16.52, 2.52, -12.41, 1.05, -12.41, 1.05, -12.42, 1.05, -12.42, 1.05, -12.42, 1.06, -12.40, 1.03, -12.43, 1.04, -12.44, 1.04, -12.41, 1.05, -12.50, 1.03, -12.57, 1.04, -12.57, 1.02, -12.57, 1.08, -12.57, 1.01, -12.57, 1.01, -12.57, 1.01, -12.57, 1.01, -12.57, 1.00, -12.58, 1.01, -12.58, 1.01, -12.58, 1.01, -12.58, 1.01, -12.58, 0.99, -12.58, 0.96, -12.58, 0.96, -12.58, 0.96, -12.58, 0.95, -12.58, 0.94, -12.58, 0.94, -12.60, 0.94, -12.60, 0.94, -12.60, 0.94, -12.60, 0.94, -12.60, 0.94, -12.60, 0.94, -12.60, 0.93, -12.60, 0.94, -12.60, 0.94, -12.66, 1.66, -12.66, 1.65, -12.74, 1.66, -12.74, 1.66, -12.74, 1.67, -12.74, 1.67, -12.74, 1.67, -12.74, 1.67, -12.74, 1.67, -12.74, 1.67, -12.74, 1.63, -12.74, 1.63, -12.74, 1.62, -12.79, 1.64, -12.79, 1.63, -12.79, 1.63, -12.79, 1.63
OA-G3-3, 0.00, 0.00, -10.34, 4.14, -10.34, 4.94, -10.38, 4.43, -11.38, 4.70, -11.73, 4.80, -9.86, 4.30, -9.05, 4.11, -9.03, 4.10, -9.03, 4.10, -9.03, 4.48, -8.89, 4.45, -8.91, 3.00, -8.87, 2.74, -8.74, 2.80, -8.73, 2.78, -8.78, 2.87, -8.78, 3.00, -8.78, 2.97, -8.77, 3.00, -8.77, 3.05, -8.77, 3.07, -8.77, 3.08, -9.14, 3.02, -9.14, 3.07, -9.14, 3.15, -9.14, 3.15, -9.22, 2.79, -9.22, 2.79, -9.22, 2.79, -9.22, 2.85, -9.23, 2.85, -9.23, 2.90, -9.23, 2.96, -9.25, 2.67, -9.25, 2.67, -9.25, 2.70, -9.25, 2.71, -9.25, 2.70, -9.30, 2.69, -9.36, 2.69, -9.36, 2.61, -9.36, 2.54, -9.36, 2.55, -9.37, 2.52, -9.37, 1.05, -9.37, 1.05, -9.37, 1.05, -9.37, 1.05, -9.37, 1.06, -9.37, 1.03, -9.37, 1.04, -9.37, 1.04, -9.37, 1.05, -9.37, 1.03, -9.38, 1.04, -9.44, 1.02, -9.44, 1.08, -9.44, 1.01, -9.44, 1.01, -9.44, 1.01, -9.44, 1.01, -9.44, 1.00, -9.45, 1.01, -9.45, 1.01, -9.45, 1.01, -9.46, 1.01, -9.54, 0.99, -9.60, 0.96, -9.60, 0.96, -9.60, 0.96, -9.64, 0.95, -9.67, 0.94, -9.67, 0.94, -9.67, 0.94, -9.67, 0.94, -9.67, 0.94, -9.67, 0.94, -9.67, 0.94, -9.67, 0.94, -9.67, 0.93, -9.67, 0.94, -9.68, 0.94, -9.68, 1.66, -9.68, 1.65, -9.73, 1.66, -9.73, 1.66, -9.73, 1.67, -9.73, 1.67, -9.73, 1.67, -9.73, 1.67, -9.73, 1.67, -9.73, 1.67, -9.73, 1.63, -9.73, 1.63, -9.73, 1.62, -9.73, 1.64, -9.76, 1.63, -9.76, 1.63, -9.77, 1.63
OA-G3-4, 0.00, 0.00, 0.00, 4.14, 0.00, 4.94, -3.62, 4.43, -3.62, 4.70, -3.62, 4.80, -3.62, 4.30, -3.62, 4.11, -5.28, 4.10, -5.31, 4.10, -5.31, 4.48, -5.31, 4.45, -7.27, 3.00, -7.27, 2.74, -7.27, 2.80, -7.27, 2.78, -7.27, 2.87, -7.27, 3.00, -7.42, 2.97, -7.41, 3.00, -7.41, 3.05, -7.41, 3.07, -7.41, 3.08, -7.41, 3.02, -7.41, 3.07, -7.41, 3.15, -7.41, 3.15, -8.94, 2.79, -8.94, 2.79, -8.94, 2.79, -8.94, 2.85, -8.94, 2.85, -8.93, 2.90, -8.65, 2.96, -10.35, 2.67, -10.35, 2.67, -10.38, 2.70, -10.38, 2.71, -10.53, 2.70, -10.51, 2.69, -10.54, 2.69, -10.44, 2.61, -10.42, 2.54, -10.42, 2.55, -10.42, 2.52, -10.42, 1.05, -10.42, 1.05, -10.43, 1.05, -10.43, 1.05, -10.43, 1.06, -10.65, 1.03, -10.65, 1.04, -10.66, 1.04, -10.66, 1.05, -10.66, 1.03, -10.71, 1.04, -10.71, 1.02, -10.17, 1.08, -10.97, 1.01, -10.97, 1.01, -10.97, 1.01, -10.97, 1.01, -10.97, 1.00, -10.72, 1.01, -10.72, 1.01, -10.72, 1.01, -10.72, 1.01, -10.72, 0.99, -10.75, 0.96, -10.75, 0.96, -10.79, 0.96, -10.82, 0.95, -10.82, 0.94, -10.82, 0.94, -10.81, 0.94, -10.80, 0.94, -10.80, 0.94, -10.90, 0.94, -10.90, 0.94, -11.16, 0.94, -11.16, 0.93, -10.67, 0.94, -10.67, 0.94, -7.68, 1.66, -7.71, 1.65, -7.71, 1.66, -7.71, 1.66, -7.71, 1.67, -7.71, 1.67, -7.71, 1.67, -7.71, 1.67, -7.71, 1.67, -7.71, 1.67, -7.84, 1.63, -7.84, 1.63, -7.88, 1.62, -7.88, 1.64, -7.88, 1.63, -7.88, 1.63, -7.88, 1.63
OA-G6-0, 0.00, 0.00, 0.00, 0.00, 0.00, 0.00, 0.00, 0.00, 0.00, 0.00, 0.00, 0.00, 0.00, 0.00, 0.00, 0.00, 0.00, 0.00, 0.00, 0.00, 0.00, 0.00, 0.00, 0.00, 0.00, 0.00, 0.00, 0.00, 0.00, 0.00, 0.00, 0.00, 0.00, 0.00, 0.00, 0.00, 0.00, 0.00, 0.00, 0.00, 0.00, 0.00, -4.78, 1.91, -4.78, 1.91, -4.78, 1.91, -4.78, 1.91, -4.78, 1.91, -4.78, 1.91, -4.78, 1.91, -4.78, 1.91, -4.78, 1.91, -9.55, 3.82, -9.55, 3.82, -9.55, 4.73, -9.55, 4.73, -9.55, 4.73, -9.55, 4.73, -9.55, 4.73, -9.55, 4.73, -9.55, 5.22, -9.76, 5.24, -9.76, 5.24, -9.76, 5.24, -9.76, 5.24, -9.76, 5.25, -9.76, 5.25, -9.76, 5.25, -9.76, 2.52, -9.76, 2.45, -9.77, 2.43, -10.66, 2.25, -10.66, 2.25, -10.66, 2.25, -10.66, 2.25, -10.66, 1.35, -10.66, 1.35, -10.68, 1.35, -10.68, 1.21, -10.68, 1.21, -10.68, 1.20, -10.68, 1.14, -10.68, 1.15, -10.68, 1.15, -10.68, 1.15, -10.68, 1.15, -10.68, 1.15, -10.68, 1.13, -10.68, 1.16, -10.68, 1.25, -11.69, 1.14, -11.69, 1.14, -11.69, 1.14, -11.69, 1.15, -11.69, 1.14, -11.69, 1.16, -11.69, 1.16, -12.05, 1.15, -12.04, 1.15, -12.03, 1.15, -12.03, 1.15, -12.03, 1.15, -12.03, 1.15, -11.98, 1.15, -11.98, 1.01, -11.98, 1.01, -11.98, 1.01, -11.99, 1.01, -11.99, 1.01, -11.99, 1.01, -11.99, 0.83, -11.99, 0.83, -11.99, 0.83, -11.99, 0.83, -11.99, 0.83, -11.99, 0.83, -11.57, 0.86, -11.56, 0.85, -11.56, 0.85, -11.56, 0.81, -11.56, 0.81, -11.56, 0.81
OA-G6-1, 0.00, 0.00, 0.00, 0.00, 0.00, 0.00, 0.00, 0.00, 0.00, 0.00, 0.00, 0.00, 0.00, 0.00, 0.00, 0.00, 0.00, 0.00, 0.00, 0.00, 0.00, 0.00, 0.00, 0.00, 0.00, 0.00, 0.00, 0.00, 0.00, 0.00, 0.00, 0.00, 0.00, 0.00, 0.00, 0.00, 0.00, 0.00, 0.00, 0.00, 0.00, 0.00, 0.00, 1.91, 0.00, 1.91, 0.00, 1.91, 0.00, 1.91, 0.00, 1.91, 0.00, 1.91, 0.00, 1.91, 0.00, 1.91, 0.00, 1.91, 0.00, 3.82, 0.00, 3.82, 0.00, 4.73, 0.00, 4.73, 0.00, 4.73, 0.00, 4.73, 0.00, 4.73, 0.00, 4.73, -12.16, 5.22, -12.13, 5.24, -12.13, 5.24, -12.13, 5.24, -12.13, 5.24, -12.13, 5.25, -12.13, 5.25, -12.13, 5.25, -12.13, 2.52, -12.13, 2.45, -12.13, 2.43, -12.12, 2.25, -12.12, 2.25, -12.12, 2.25, -12.12, 2.25, -12.12, 1.35, -12.12, 1.35, -12.12, 1.35, -12.12, 1.21, -12.12, 1.21, -12.12, 1.20, -12.12, 1.14, -12.12, 1.15, -12.12, 1.15, -12.12, 1.15, -12.14, 1.15, -12.14, 1.15, -12.14, 1.13, -12.14, 1.16, -12.79, 1.25, -12.79, 1.14, -12.79, 1.14, -12.79, 1.14, -12.85, 1.15, -12.78, 1.14, -12.77, 1.16, -12.77, 1.16, -12.77, 1.15, -12.77, 1.15, -12.77, 1.15, -12.78, 1.15, -12.78, 1.15, -12.79, 1.15, -12.79, 1.15, -12.18, 1.01, -12.18, 1.01, -12.18, 1.01, -12.18, 1.01, -12.21, 1.01, -12.21, 1.01, -12.25, 0.83, -12.25, 0.83, -12.14, 0.83, -12.14, 0.83, -12.14, 0.83, -12.14, 0.83, -12.14, 0.86, -12.14, 0.85, -12.14, 0.85, -12.14, 0.81, -12.14, 0.81, -12.14, 0.81
OA-G6-2, 0.00, 0.00, 0.00, 0.00, 0.00, 0.00, 0.00, 0.00, 0.00, 0.00, 0.00, 0.00, 0.00, 0.00, 0.00, 0.00, 0.00, 0.00, 0.00, 0.00, 0.00, 0.00, 0.00, 0.00, 0.00, 0.00, 0.00, 0.00, 0.00, 0.00, 0.00, 0.00, 0.00, 0.00, 0.00, 0.00, 0.00, 0.00, 0.00, 0.00, 0.00, 0.00, 0.00, 1.91, 0.00, 1.91, 0.00, 1.91, 0.00, 1.91, 0.00, 1.91, 0.00, 1.91, 0.00, 1.91, 0.00, 1.91, 0.00, 1.91, 0.00, 3.82, 0.00, 3.82, 0.00, 4.73, 0.00, 4.73, 0.00, 4.73, 0.00, 4.73, 0.00, 4.73, 0.00, 4.73, 0.00, 5.22, 0.00, 5.24, 0.00, 5.24, 0.00, 5.24, 0.00, 5.24, 0.00, 5.25, 0.00, 5.25, 0.00, 5.25, -16.27, 2.52, -16.04, 2.45, -15.97, 2.43, -15.97, 2.25, -15.97, 2.25, -15.97, 2.25, -15.97, 2.25, -13.47, 1.35, -13.47, 1.35, -13.47, 1.35, -12.84, 1.21, -12.83, 1.21, -12.83, 1.20, -12.48, 1.14, -12.48, 1.15, -12.48, 1.15, -12.48, 1.15, -12.47, 1.15, -12.47, 1.15, -12.35, 1.13, -12.28, 1.16, -12.28, 1.25, -12.28, 1.14, -12.28, 1.14, -12.28, 1.14, -12.28, 1.15, -12.28, 1.14, -12.28, 1.16, -12.28, 1.16, -12.28, 1.15, -12.28, 1.15, -12.28, 1.15, -12.28, 1.15, -12.28, 1.15, -12.28, 1.15, -12.28, 1.15, -12.28, 1.01, -12.28, 1.01, -12.28, 1.01, -12.28, 1.01, -12.28, 1.01, -12.28, 1.01, -12.28, 0.83, -12.28, 0.83, -12.32, 0.83, -12.32, 0.83, -12.32, 0.83, -12.32, 0.83, -12.35, 0.86, -12.35, 0.85, -12.35, 0.85, -12.35, 0.81, -12.35, 0.81, -12.35, 0.81
OA-G6-3, 0.00, 0.00, 0.00, 0.00, 0.00, 0.00, 0.00, 0.00, 0.00, 0.00, 0.00, 0.00, 0.00, 0.00, 0.00, 0.00, 0.00, 0.00, 0.00, 0.00, 0.00, 0.00, 0.00, 0.00, 0.00, 0.00, 0.00, 0.00, 0.00, 0.00, 0.00, 0.00, 0.00, 0.00, 0.00, 0.00, 0.00, 0.00, 0.00, 0.00, 0.00, 0.00, 0.00, 1.91, 0.00, 1.91, 0.00, 1.91, 0.00, 1.91, 0.00, 1.91, 0.00, 1.91, 0.00, 1.91, 0.00, 1.91, 0.00, 1.91, 0.00, 3.82, 0.00, 3.82, -9.77, 4.73, -9.77, 4.73, -9.77, 4.73, -9.77, 4.73, -9.77, 4.73, -9.77, 4.73, -9.77, 5.22, -9.77, 5.24, -9.77, 5.24, -9.77, 5.24, -9.77, 5.24, -9.87, 5.25, -9.87, 5.25, -9.87, 5.25, -9.87, 2.52, -9.87, 2.45, -9.87, 2.43, -9.87, 2.25, -9.87, 2.25, -9.87, 2.25, -9.87, 2.25, -9.87, 1.35, -9.87, 1.35, -9.87, 1.35, -9.88, 1.21, -9.88, 1.21, -9.88, 1.20, -9.88, 1.14, -9.88, 1.15, -9.88, 1.15, -9.88, 1.15, -9.88, 1.15, -9.88, 1.15, -9.88, 1.13, -9.88, 1.16, -9.88, 1.25, -9.88, 1.14, -9.88, 1.14, -9.88, 1.14, -9.88, 1.15, -9.88, 1.14, -9.88, 1.16, -9.88, 1.16, -9.88, 1.15, -9.88, 1.15, -9.88, 1.15, -9.88, 1.15, -9.88, 1.15, -9.88, 1.15, -9.88, 1.15, -10.18, 1.01, -10.18, 1.01, -10.18, 1.01, -10.18, 1.01, -10.18, 1.01, -10.18, 1.01, -10.72, 0.83, -10.72, 0.83, -10.72, 0.83, -10.72, 0.83, -10.72, 0.83, -10.71, 0.83, -10.71, 0.86, -10.75, 0.85, -10.75, 0.85, -10.88, 0.81, -10.88, 0.81, -10.88, 0.81
OA-G6-4, 0.00, 0.00, 0.00, 0.00, 0.00, 0.00, 0.00, 0.00, 0.00, 0.00, 0.00, 0.00, 0.00, 0.00, 0.00, 0.00, 0.00, 0.00, 0.00, 0.00, 0.00, 0.00, 0.00, 0.00, 0.00, 0.00, 0.00, 0.00, 0.00, 0.00, 0.00, 0.00, 0.00, 0.00, 0.00, 0.00, 0.00, 0.00, 0.00, 0.00, 0.00, 0.00, 0.00, 1.91, 0.00, 1.91, 0.00, 1.91, 0.00, 1.91, 0.00, 1.91, 0.00, 1.91, 0.00, 1.91, 0.00, 1.91, 0.00, 1.91, 0.00, 3.82, 0.00, 3.82, 0.00, 4.73, 0.00, 4.73, 0.00, 4.73, 0.00, 4.73, 0.00, 4.73, 0.00, 4.73, 0.00, 5.22, 0.00, 5.24, 0.00, 5.24, 0.00, 5.24, 0.00, 5.24, 0.00, 5.25, 0.00, 5.25, 0.00, 5.25, -14.23, 2.52, -14.22, 2.45, -14.22, 2.43, -14.18, 2.25, -14.17, 2.25, -14.17, 2.25, -14.17, 2.25, -12.91, 1.35, -12.91, 1.35, -12.91, 1.35, -12.91, 1.21, -12.91, 1.21, -12.90, 1.20, -12.90, 1.14, -12.91, 1.15, -12.91, 1.15, -12.91, 1.15, -12.91, 1.15, -12.91, 1.15, -12.91, 1.13, -13.08, 1.16, -13.09, 1.25, -13.09, 1.14, -13.10, 1.14, -13.10, 1.14, -13.10, 1.15, -13.10, 1.14, -13.20, 1.16, -13.20, 1.16, -13.20, 1.15, -13.20, 1.15, -13.20, 1.15, -13.20, 1.15, -13.20, 1.15, -13.20, 1.15, -13.21, 1.15, -13.31, 1.01, -13.31, 1.01, -13.31, 1.01, -13.31, 1.01, -13.31, 1.01, -13.31, 1.01, -13.31, 0.83, -13.31, 0.83, -13.31, 0.83, -13.31, 0.83, -13.31, 0.83, -13.31, 0.83, -13.31, 0.86, -13.31, 0.85, -13.31, 0.85, -13.32, 0.81, -13.32, 0.81, -13.32, 0.81
#
# The number of energy evaluations below is the number of MD timesteps used 
# (sum of unbinding and rebinding, which were identical)
# The total wall-clock time is the sum of the unbinding and rebinding simulations.
# The CPU time is simply this wall clock time multiplied by 4, and should be 
# interpreted as GPU hours. 
#
# The GPUs used were NVIDIA K80s, which each can be treated as 2 GPUs, so it
# might be more fair to multiply the wall clock time by 8.
#
Cost:
CB8-G3-0, 1920000000, 381349, 1525396
CB8-G3-1, 1920000000, 395296, 1581184
CB8-G3-2, 1920000000, 387080, 1548320
CB8-G3-3, 1920000000, 388310, 1553240
CB8-G3-4, 1920000000, 384978, 1539912
OA-G3-0, 1920000000, 417361, 1669444
OA-G3-1, 1920000000, 430488, 1721952
OA-G3-2, 1920000000, 436676, 1746704
OA-G3-3, 1920000000, 427832, 1711328
OA-G3-4, 1920000000, 410215, 1640860
OA-G6-0, 1920000000, 410582, 1642328
OA-G6-1, 1920000000, 433043, 1732172
OA-G6-2, 1920000000, 430612, 1722448
OA-G6-3, 1920000000, 428800, 1715200
OA-G6-4, 1920000000, 414055, 1656220
#
Name:
WExploreRateRatio
#
Software:
OpenMM 7.1.1
CUDA 8.0
Wepy 0.5
#
TechnicalDetails:
All simulations were performed on clusters of 4 NVIDIA K80 GPUs, which together
ran 8 trajectories in parallel at a time.  All simulations used groups of 48 walkers,
that were propagated for either 10k or 100k steps between synchronization points.
#
Method:
All of the simulations were conducted starting from the structures provided. 
In each case, the results are derived from a single WExplore simulation.

Unbinding simulations: 
The initial structure was used as the initial position for all 48 walkers in 
the simulation.  Each walker was given an initial weight of 1/48.  
The trajectories were run for cycles of 10000 steps, followed by resampling 
using the WExplore2 resampling algorithm with the OpenMMUnbindingDistance 
function. The unbinding rate is calculated as the sum of weights of the 
trajectories entering the unbound state divided by the elapsed time, where the
unbound state is defined as structures where the smallest protein-ligand distance 
exceeds 10 Angstroms.  Exited trajectories were reinitialized in the bound state.

Rebinding simulations:
The structure of the first 48 exit points was recorded, and used to initialize
walkers in the rebinding simulation.  Each was given a weight proportional to 
the weight of the exit point in the unbinding simulation (normalized such that
rebinding weights sum to 1). The trajectories were run for cycles of 100000 steps,
with resampling using the WExplore2 resampling algorithm with the OpenMMRebindingDistance
function. The rebinding rate is calculated as the sum of the
weights of the trajectories that enter the bound state, which is defined as 
structures that have a ligand RMSD of less than 1 Angstrom after alignment to the 
binding site.

WExplore2 algorithm:
This has not yet been published, and might be published using a different name in the
future. It uses an all-to-all distance calculation to calculate a spread function, and
proposes merging / cloning events that will optimize the spread function. The spread
function is recalculated after the merging/cloning event, and if it increases then that
move is accepted. Merging/cloning is stopped when the spread function is maximized.
In contrast with the original WExplore function, WExplore2 does not use sampling regions 
for merging and cloning.

Distance functions:
The Unbinding Distance metric is the RMSD of the ligand after alignment of the binding 
site atoms.

The Rebinding Distance between structures A and B is calculated using their respective
RMSDs to the bound state:  d_AB = (1/RMSD_A - 1/RMSD_B). In other words, it uses knowledge
of the target bound state.

Rate estimates were calculated separately for each timepoint, by summing the weights
of walkers that had exited by that timepoint.  The volume of the simulation box was
used to calculate the on rate.  The free energy of binding was calculated as
F = 0.597*ln(koff/kon).

